1.6876708261397058,-0.6366627300320853,0.28903373184487446,-0.38917747162721417,-1.1809243830780094,-2.6044625851881076,0.10344170128726535,-2.8099214325304915,1.9027314195238136,-0.8669038294853046,2.4548003372761196,-2.2491853267773356,2.6929988643897005,0.16557773399208547,0.40436323821186926,0.38658782456717355,0.14188408693988688,1.332985411429091,-0.9598688863409679,0.31049523196077045,-0.7045121854200846,1.2886956109672538,2.1216112555488023,2.36398768092052,0.1,-0.30000000000000004,-0.1,0.30000000000000004,0.2,-0.2,0.0,-0.1,0.0,0.2,0.1,-0.1,0.1,0.0,-0.1,0.0,-0.1,0.0,0.0,0.0,0.0,0.0,0.0,0.0
numHidden 	5
numGenes 	48
minGene 	-3.0
maxGene 	3.0
popSize 	40
maxEvaluations 	20000
selectTSize 	4
noOfChildren 	1
cutPoints 	1
mutateRate 	0.04
mutateChange 	0.1
replacementTSize 	2
seed 	1614966818855
random 	java.util.Random@37c1c811
neuralNetworkClass 	class coursework.ExampleEvolutionaryAlgorithm
Training Set Training
Fitness 0.09938047110705958