2.8675951677603817,-0.4097506408264754,2.6861434229115755,-0.31678692628067295,2.469297809006696,2.3202834687232143,1.0563146839494564,2.51341759244476,-1.3804695902664001,-2.717497237921186,2.6857366203553297,2.316570040050951,2.696663368913235,1.2670456451415206,2.262446118886962,0.9566957884046191,-0.7491255681821126,2.0613028115209127,-2.6842989178953878,-2.904462253671305,-0.3745076702004223,0.9580281737714466,1.455365365539003,0.8800343408842061,0.5111368560806732,0.1,0.2,0.0,0.0,0.0,0.1,-0.30000000000000004,0.1,0.0,0.0,-0.1,-0.1,0.0,0.1,0.0,0.0,0.0,0.2,-0.1,0.0,0.0,0.0,0.0
numHidden 	5
numGenes 	48
minGene 	-3.0
maxGene 	3.0
popSize 	40
maxEvaluations 	20000
selectTSize 	4
noOfChildren 	1
cutPoints 	2
mutateRate 	0.04
mutateChange 	0.1
replacementTSize 	2
seed 	1614966563697
random 	java.util.Random@e381928
neuralNetworkClass 	class coursework.ExampleEvolutionaryAlgorithm
Training Set Training
Fitness 0.009522080521127173