-1.2590225026078325,0.3753072919760876,0.06749774147798512,-0.979163559203255,-0.9506375727126861,0.1675540110909859,0.5238005734882591,1.5853073837332268,-1.036106147894856,1.0279525149632878,-3.4114392470347,-0.8831978337724711,-0.11200888044190715,1.5965146301324527,-1.105284409766421,-0.8945619588886653,-1.74490497828749,-0.09749714214101043,1.908477885308808,2.440778835610593,-0.9206472148370883,1.924516220111522,-0.8225115668918619,-0.3725073686293934,0.4129559112426178,-0.2840378137603102,-1.2599310409254483,-0.9971642767398725,1.8069788189845308,0.20127362919291164,-2.108381393250677,-0.21491336215079965,0.26057015960156904,0.49880659398765936,0.28935720995255576,-1.145549587263335,-0.6228397764722022,0.8237317674868231,1.968172145317679,-0.4443662152041874,0.7591527013860645,-0.7241602645525644,-1.2159889052612958,1.275060055340342,0.23088752321101724,0.3716772512404861,1.7655566817497235,1.4346177337009842
numHidden 	5
numGenes 	48
minGene 	-3.0
maxGene 	3.0
popSize 	40
maxEvaluations 	20000
selectTSize 	4
noOfChildren 	1
cutPoints 	2
mutateRate 	0.04
mutateChange 	0.1
replacementTSize 	2
seed 	1614969497592
random 	java.util.Random@65c2005b
neuralNetworkClass 	class coursework.ExampleEvolutionaryAlgorithm
Training Set Training
Fitness 0.10453905236981224