-0.12275177338560284,1.1609298243969186,0.0473554500251684,0.9774557165790543,0.28076609263689545,1.314286764997549,0.970491604898625,-0.9403207113461233,0.0617215229909486,0.02857092004716426,-1.2629266656799216,1.3116747971086788,0.38747592035151,1.243057787751891,-0.043924449513012075,0.7161513773205045,1.562900360672311,-1.3324954188675724,-0.829029425506002,-0.769814925736425,-1.169013263686656,0.02658036309857402,0.7743030054102393,-0.9991399553036464,-1.2695260077348944,-0.980892811782937,0.6117505244200047,0.5848556615499074,0.4586664005585246,-0.46223887073469117,-0.14359830948625577,-1.6058047509078597,1.1526959265300936,1.148153888649785,-1.1550665544686263,0.8488364499313007,-0.2625105314637465,-1.1493206729205252,-0.9880317565732049,0.7193565890592386,-1.2565874903714227,0.03190260430853821,-0.6003480909797954,0.47620896077155894,-1.4275728295344279,-0.818519405721296,0.8726155268563676,-0.030858957759793505
numHidden 	5
numGenes 	48
minGene 	-3.0
maxGene 	3.0
popSize 	40
maxEvaluations 	20000
selectTSize 	4
noOfChildren 	1
cutPoints 	2
mutateRate 	0.04
mutateChange 	0.1
replacementTSize 	2
seed 	1614967702608
random 	java.util.Random@75f0804a
neuralNetworkClass 	class coursework.ExampleEvolutionaryAlgorithm
Training Set Training
Fitness 0.06307228155681903