2.1103754363117577,0.7646390919483621,-1.7670066982180554,-1.1930110759914319,-2.9752324345516987,0.7813662492048055,-2.3583781472991694,0.36375715050796487,2.261731433112626,-2.234245848723144,-2.548120293011162,1.0540460911992735,0.14672052486823706,-1.716269970229789,-2.0318744576524703,-2.2172389436455613,-0.9900899410691055,0.720565133365973,1.5871243796529857,-2.3194542314704263,-0.7152600135076854,2.7077124045601435,2.5699775282920063,-2.2817120788317258,0.24773461494935756,2.605237971332792,-0.5411635537721509,0.6326326304354786,0.3102897509059961,0.2579189148480223,-2.947945629272913,1.2403169217359107,2.1814473577865456,-2.4911334259817854,-2.542043934203277,-2.4795188549718072,2.1968415540846946,-1.1180614621574063,-0.18854405713650024,-2.6940813235648235,0.08116966950962734,-0.5287423304199654,-1.1451498557610766,2.738833141424096,-2.1778120732665798,1.223924201285537,0.8253275532154971,-2.6690407093198716
numHidden 	5
numGenes 	48
minGene 	-3.0
maxGene 	3.0
popSize 	200
maxEvaluations 	20000
selectTSize 	4
noOfChildren 	2
cutPoints 	2
mutateRate 	0.04
mutateChange 	0.1
replacementTSize 	4
seed 	1615997569167
random 	java.util.Random@626b2d4a
neuralNetworkClass 	class coursework.ExampleEvolutionaryAlgorithm
Training Set Training
Fitness 0.04562878689310863